10.00,0.17989
11.00,0.19671
12.00,0.21327
13.00,0.22955
14.00,0.24557
15.00,0.26134
16.00,0.27686
17.00,0.29215
18.00,0.30721
20.00,0.33667
22.50,0.37237
25.00,0.40689
27.50,0.44034
30.00,0.47280
32.50,0.50436
35.00,0.53508
37.50,0.56502
40.00,0.59424
45.00,0.65071
50.00,0.70480
55.00,0.75679
60.00,0.80690
65.00,0.85533
70.00,0.90224
80.00,0.99200
90.00,1.08
100.00,1.16
110.00,1.24
120.00,1.31
130.00,1.38
140.00,1.45
150.00,1.52
160.00,1.58
170.00,1.65
180.00,1.71
200.00,1.83
225.00,1.97
250.00,2.11
275.00,2.24
300.00,2.37
325.00,2.49
350.00,2.61
375.00,2.73
400.00,2.84
450.00,3.07
500.00,3.28
550.00,3.50
600.00,3.71
650.00,3.92
700.00,4.12
800.00,4.54
900.00,4.96
1000,5.40
1100,5.84
1200,6.30
1300,6.77
1400,7.26
1500,7.76
1600,8.28
1700,8.82
1800,9.38
2000,10.54
2250,12.09
2500,13.76
2750,15.52
3000,17.39
3250,19.37
3500,21.44
3750,23.61
4000,25.88
4500,30.70
5000,35.90
5500,41.48
6000,47.42
6500,53.74
7000,60.41
8000,74.83
9000,90.60
10000,107.68